Inter-|   Receive                                                |  Transmit
 face |bytes    packets errs drop fifo frame compressed multicast|bytes    packets errs drop fifo colls carrier compressed
    lo: 11057054770 10457784    0    0    0     0          0         0 11057054770 10457784    0    0    0     0       0          0
enp4s0:       0       0    0    0    0     0          0         0        0       0    0    0    0     0       0          0
wlp3s0: 240234097231 197394675    0    0    0     0          0         0 103402552752 138062355    0  114    0     0       0          0
tailscale0: 12017597  181078    0    0    0     0          0         0 12207628  243028    0    0    0     0       0          0
   wg0:       0       0    0    0    0     0          0         0 47386936  320182  505 16265    0     0       0          0
br-396f36972f0a: 140516457  449631    0    0    0     0          0         0 250555569  445572    0    5    0     0       0          0
br-5050175d736a:       0       0    0    0    0     0          0         0        0       0    0  873    0     0       0          0
docker0:      84       3    0    0    0     0          0         0   511941    3038    0    5    0     0       0          0
br-f5ca11a97977: 150885610 1043577    0    0    0     0          0         0 1762441190 1162956    0    6    0     0       0          0
veth185e0d2: 221757103 3038529    0    0    0     0          0         0 795267154 2909597    0    0    0     0       0          0
vethdbf01fb: 185940231 1100149    0    0    0     0          0         0 1769520794 1234694    0    0    0     0       0          0
vethf4ac164: 96442059  243181    0    0    0     0          0         0 110004826  265860    0    0    0     0       0          0
vetheb86bef:     126       3    0    0    0     0          0         0   638065    4301    0    0    0     0       0          0
veth974eb2a: 7131932509 17038782    0    0    0     0          0         0 11758081376 33920583    0    0    0     0       0          0
veth31c1d41: 1845555574 23453893    0    0    0     0          0         0 3863626076 44522564    0    0    0     0       0          0
veth495ae9e: 16520600704 81690495    0    0    0     0          0         0 9395502183 43860962    0    0    0     0       0          0
veth929ecbc: 6952600   70459    0    0    0     0          0         0 21077717   60847    0    0    0     0       0          0
