Inter-|   Receive                                                |  Transmit
 face |bytes    packets errs drop fifo frame compressed multicast|bytes    packets errs drop fifo colls carrier compressed
    lo: 11067865974 10459730    0    0    0     0          0         0 11067865974 10459730    0    0    0     0       0          0
enp4s0:       0       0    0    0    0     0          0         0        0       0    0    0    0     0       0          0
wlp3s0: 241605810847 198302602    0    0    0     0          0         0 103409494698 138133831    0  114    0     0       0          0
tailscale0: 12018045  181085    0    0    0     0          0         0 12207908  243035    0    0    0     0       0          0
   wg0:       0       0    0    0    0     0          0         0 47388712  320194  505 16265    0     0       0          0
br-396f36972f0a: 140516457  449631    0    0    0     0          0         0 250555569  445572    0    5    0     0       0          0
br-5050175d736a:       0       0    0    0    0     0          0         0        0       0    0  873    0     0       0          0
docker0:      84       3    0    0    0     0          0         0   511941    3038    0    5    0     0       0          0
br-f5ca11a97977: 150885662 1043578    0    0    0     0          0         0 1762441295 1162957    0    6    0     0       0          0
veth185e0d2: 221763441 3038615    0    0    0     0          0         0 795291555 2909672    0    0    0     0       0          0
vethdbf01fb: 185940297 1100150    0    0    0     0          0         0 1769520899 1234695    0    0    0     0       0          0
vethf4ac164: 96442059  243181    0    0    0     0          0         0 110004826  265860    0    0    0     0       0          0
vetheb86bef:     126       3    0    0    0     0          0         0   638065    4301    0    0    0     0       0          0
veth974eb2a: 7132160680 17039327    0    0    0     0          0         0 11758459562 33921670    0    0    0     0       0          0
veth31c1d41: 1845614253 23454642    0    0    0     0          0         0 3863749505 44523990    0    0    0     0       0          0
veth495ae9e: 16521126720 81693083    0    0    0     0          0         0 9395795371 43862342    0    0    0     0       0          0
veth929ecbc: 6952600   70459    0    0    0     0          0         0 21077717   60847    0    0    0     0       0          0
